Time	Position	Counts	Elapsed	USecs
10:51:47 905532	70.00749999999999	140015	2670190.8	2670190835
10:51:47 937521	70.09350000000001	140187	2670222.789	2670222810
10:51:47 969524	70.27500000000001	140550	2670254.792	2670254821
10:51:48 17412	70.727	141454	2670302.68	2670302701
10:51:48 65345	71.37649999999999	142753	2670350.613	2670350634
10:51:48 97311	71.917	143834	2670382.579	2670382600
10:51:48 129269	72.389	144778	2670414.537	2670414565
10:51:48 161283	72.8715	145743	2670446.551	2670446573
10:51:48 193297	73.3475	146695	2670478.565	2670478586
10:51:48 225229	73.83	147660	2670510.497	2670510530
10:51:48 257190	74.306	148612	2670542.458	2670542486
10:51:48 289142	74.7805	149561	2670574.41	2670574432
10:51:48 321069	75.264	150528	2670606.337	2670606367
10:51:48 368974	75.842	151684	2670654.242	2670654271
10:51:48 400966	76.4675	152935	2670686.234	2670686262
10:51:48 432915	76.935	153870	2670718.183	2670718213
10:51:48 464911	77.41800000000001	154836	2670750.179	2670750201
10:51:48 496864	77.90049999999999	155801	2670782.132	2670782162
10:51:48 528816	78.376	156752	2670814.084	2670814113
10:51:48 560784	78.84699999999999	157694	2670846.052	2670846075
10:51:48 592718	79.32250000000001	158645	2670877.986	2670878014
10:51:48 624733	79.8125	159625	2670910.001	2670910022
10:51:48 656634	80.2805	160561	2670941.902	2670941936
10:51:48 688587	80.76649999999999	161533	2670973.855	2670973876
10:51:48 720595	81.2385	162477	2671005.863	2671005905
10:51:48 752579	81.7325	163465	2671037.847	2671037876
10:51:48 784546	82.2045	164409	2671069.814	2671069837
10:51:48 816484	82.679	165358	2671101.752	2671101781
10:51:48 848461	83.1545	166309	2671133.729	2671133757
10:51:48 880418	83.62949999999999	167259	2671165.686	2671165708
10:51:48 912416	84.1125	168225	2671197.684	2671197706
10:51:48 944374	84.58750000000001	169175	2671229.642	2671229664
10:51:48 976323	85.0705	170141	2671261.591	2671261612
10:51:49 8292	85.54900000000001	171098	2671293.56	2671293585
10:51:49 40270	86.02849999999999	172057	2671325.538	2671325567
10:51:49 72303	86.51049999999999	173021	2671357.571	2671357599
10:51:49 104271	86.994	173988	2671389.539	2671389567
10:51:49 136137	87.4725	174945	2671421.405	2671421431
10:51:49 168105	87.9365	175873	2671453.373	2671453428
10:51:49 200102	88.42749999999999	176855	2671485.37	2671485410
10:51:49 232043	88.89449999999999	177789	2671517.311	2671517338
10:51:49 264042	89.3775	178755	2671549.31	2671549351
10:51:49 295975	89.852	179704	2671581.243	2671581269
10:51:49 327924	90.3355	180671	2671613.192	2671613215
10:51:49 359988	90.8105	181621	2671645.256	2671645278
10:51:49 391929	91.301	182602	2671677.197	2671677224
10:51:49 423874	91.7685	183537	2671709.142	2671709173
10:51:49 455812	92.25149999999999	184503	2671741.08	2671741104
10:51:49 487798	92.7265	185453	2671773.066	2671773103
10:51:49 519762	93.20950000000001	186419	2671805.03	2671805053
10:51:49 551688	93.684	187368	2671836.956	2671836977
10:51:49 583648	94.15949999999999	188319	2671868.916	2671868960
10:51:49 615629	94.642	189284	2671900.897	2671900920
10:51:49 647588	95.11750000000001	190235	2671932.856	2671932902
10:51:49 679543	95.6005	191201	2671964.811	2671964831
10:51:49 711537	96.072	192144	2671996.805	2671996827
10:51:49 743480	96.5545	193109	2672028.748	2672028775
10:51:49 775445	97.0335	194067	2672060.713	2672060743
10:51:49 807435	97.50449999999999	195009	2672092.703	2672092733
10:51:49 839354	97.991	195982	2672124.622	2672124648
10:51:49 871298	98.46250000000001	196925	2672156.566	2672156588
10:51:49 903264	98.9495	197899	2672188.532	2672188561
10:51:49 935304	99.4285	198857	2672220.572	2672220596
10:51:49 967186	99.90349999999999	199807	2672252.454	2672252475
10:51:49 999160	100.3865	200773	2672284.428	2672284450
10:51:50 31091	100.8535	201707	2672316.359	2672316383
10:51:50 63046	101.3365	202673	2672348.314	2672348343
10:51:50 95044	101.8115	203623	2672380.312	2672380335
10:51:50 127011	102.295	204590	2672412.279	2672412308
10:51:50 158941	102.77	205540	2672444.209	2672444245
10:51:50 190938	103.253	206506	2672476.206	2672476256
10:51:50 222870	103.728	207456	2672508.138	2672508169
10:51:50 254810	104.203	208406	2672540.078	2672540095
10:51:50 286756	104.6855	209371	2672572.024	2672572046
10:51:50 318782	105.1685	210337	2672604.05	2672604078
10:51:50 350738	105.6435	211287	2672636.006	2672636028
10:51:50 382630	106.119	212238	2672667.898	2672667918
10:51:50 414629	106.602	213204	2672699.897	2672699918
10:51:50 446546	107.077	214154	2672731.814	2672731841
10:51:50 478530	107.552	215104	2672763.798	2672763819
10:51:50 510545	108.035	216070	2672795.813	2672795839
10:51:50 542505	108.51	217020	2672827.773	2672827795
10:51:50 574452	108.9925	217985	2672859.72	2672859743
10:51:50 606443	109.4675	218935	2672891.711	2672891742
10:51:50 638394	109.9505	219901	2672923.662	2672923690
10:51:50 670355	110.426	220852	2672955.623	2672955658
10:51:50 702326	110.9085	221817	2672987.594	2672987620
10:51:50 734291	111.384	222768	2673019.559	2673019581
10:51:50 766297	111.8665	223733	2673051.565	2673051604
10:51:50 798183	112.35	224700	2673083.451	2673083491
10:51:50 830160	112.8245	225649	2673115.428	2673115452
10:51:50 862084	113.296	226592	2673147.352	2673147378
10:51:50 894072	113.779	227558	2673179.34	2673179364
10:51:50 926038	114.254	228508	2673211.306	2673211327
10:51:50 957964	114.729	229458	2673243.232	2673243258
10:51:50 989913	115.2085	230417	2673275.181	2673275214
10:51:51 21894	115.687	231374	2673307.162	2673307207
10:51:51 53844	116.1665	232333	2673339.112	2673339141
10:51:51 85852	116.645	233290	2673371.12	2673371151
10:51:51 117802	117.128	234256	2673403.07	2673403098
10:51:51 149715	117.6105	235221	2673434.983	2673435010
10:51:51 181684	118.086	236172	2673466.952	2673466980
10:51:51 213639	118.561	237122	2673498.907	2673498934
10:51:51 245591	119.0365	238073	2673530.859	2673530889
10:51:51 277583	119.519	239038	2673562.851	2673562872
10:51:51 309560	119.994	239988	2673594.828	2673594849
10:51:51 341542	120.4765	240953	2673626.81	2673626833
10:51:51 373477	120.948	241896	2673658.745	2673658772
10:51:51 405401	121.4315	242863	2673690.669	2673690698
10:51:51 437369	121.9065	243813	2673722.637	2673722659
10:51:51 469300	122.385	244770	2673754.568	2673754590
10:51:51 501324	122.8645	245729	2673786.592	2673786637
10:51:51 533266	123.3395	246679	2673818.534	2673818570
10:51:51 565198	123.826	247652	2673850.466	2673850488
10:51:51 597209	124.2975	248595	2673882.477	2673882500
10:51:51 629119	124.78	249560	2673914.387	2673914415
10:51:51 661115	125.263	250526	2673946.383	2673946404
10:51:51 693083	125.7305	251461	2673978.351	2673978378
10:51:51 725033	126.2215	252443	2674010.301	2674010328
10:51:51 756988	126.6885	253377	2674042.256	2674042296
10:51:51 789019	127.171	254342	2674074.287	2674074312
10:51:51 820915	127.646	255292	2674106.183	2674106221
10:51:51 852860	128.1335	256267	2674138.128	2674138150
10:51:51 884816	128.612	257224	2674170.084	2674170111
10:51:51 916800	129.0875	258175	2674202.068	2674202097
10:51:51 948773	129.5625	259125	2674234.041	2674234069
10:51:51 980760	130.0455	260091	2674266.028	2674266052
10:51:52 12680	130.528	261056	2674297.948	2674297982
10:51:52 44630	130.9955	261991	2674329.898	2674329921
10:51:52 76593	131.478	262956	2674361.861	2674361889
10:51:52 108628	131.9535	263907	2674393.896	2674393943
10:51:52 140543	132.4365	264873	2674425.811	2674425839
10:51:52 172508	132.9115	265823	2674457.776	2674457804
10:51:52 204419	133.3945	266789	2674489.687	2674489707
10:51:52 236423	133.869	267738	2674521.691	2674521714
10:51:52 268371	134.345	268690	2674553.639	2674553661
10:51:52 300344	134.835	269670	2674585.612	2674585640
10:51:52 332322	135.3025	270605	2674617.59	2674617618
10:51:52 364267	135.7855	271571	2674649.535	2674649563
10:51:52 396277	136.261	272522	2674681.545	2674681576
10:51:52 428182	136.751	273502	2674713.45	2674713479
10:51:52 460167	137.2185	274437	2674745.435	2674745487
10:51:52 492047	137.7085	275417	2674777.315	2674777342
10:51:52 524043	138.1765	276353	2674809.311	2674809341
10:51:52 556030	138.6515	277303	2674841.298	2674841334
10:51:52 587954	139.131	278262	2674873.222	2674873249
10:51:52 619890	139.6095	279219	2674905.158	2674905180
10:51:52 651846	140.085	280170	2674937.114	2674937142
10:51:52 683811	140.5715	281143	2674969.079	2674969101
10:51:52 715754	141.039	282078	2675001.022	2675001044
10:51:52 747720	141.5215	283043	2675032.988	2675033016
10:51:52 779666	141.997	283994	2675064.934	2675064953
10:51:52 811698	142.4795	284959	2675096.966	2675096993
10:51:52 843660	142.959	285918	2675128.928	2675128950
10:51:52 875619	143.4455	286891	2675160.887	2675160917
10:51:52 907590	143.913	287826	2675192.858	2675192886
10:51:52 939553	144.4035	288807	2675224.821	2675224842
10:51:52 971494	144.8705	289741	2675256.762	2675256789
10:51:53 3403	145.346	290692	2675288.671	2675288699
10:51:53 35406	145.8285	291657	2675320.674	2675320700
10:51:53 67370	146.304	292608	2675352.638	2675352666
10:51:53 99300	146.783	293566	2675384.568	2675384596
10:51:53 131264	147.2625	294525	2675416.532	2675416557
10:51:53 163186	147.745	295490	2675448.454	2675448476
10:51:53 195166	148.2205	296441	2675480.434	2675480456
10:51:53 227106	148.7025	297405	2675512.374	2675512402
10:51:53 259083	149.186	298372	2675544.351	2675544371
10:51:53 291062	149.653	299306	2675576.33	2675576354
10:51:53 323012	150.136	300272	2675608.28	2675608303
10:51:53 354966	150.611	301222	2675640.234	2675640255
10:51:53 386924	151.094	302188	2675672.192	2675672216
10:51:53 418913	151.5765	303153	2675704.181	2675704202
10:51:53 450857	152.052	304104	2675736.125	2675736146
10:51:53 482858	152.531	305062	2675768.126	2675768145
10:51:53 514825	153.01	306020	2675800.093	2675800116
10:51:53 546777	153.4925	306985	2675832.045	2675832068
10:51:53 578682	153.96	307920	2675863.95	2675863976
10:51:53 610675	154.439	308878	2675895.943	2675895965
10:51:53 642633	154.9145	309829	2675927.901	2675927924
10:51:53 674609	155.401	310802	2675959.877	2675959899
10:51:53 706542	155.8835	311767	2675991.81	2675991835
10:51:53 738537	156.355	312710	2676023.805	2676023833
10:51:53 770507	156.83	313660	2676055.775	2676055819
10:51:53 802445	157.313	314626	2676087.713	2676087736
10:51:53 834429	157.7955	315591	2676119.697	2676119721
10:51:53 866358	158.2635	316527	2676151.626	2676151658
10:51:53 898519	158.7425	317485	2676183.787	2676183816
10:51:53 930272	159.2255	318451	2676215.54	2676215562
10:51:53 962267	159.7005	319401	2676247.535	2676247575
10:51:53 994277	160.1835	320367	2676279.545	2676279568
10:51:54 26153	160.658	321316	2676311.421	2676311443
10:51:54 58099	161.1335	322267	2676343.367	2676343389
10:51:54 90096	161.616	323232	2676375.364	2676375418
10:51:54 122047	162.0915	324183	2676407.315	2676407348
10:51:54 154099	162.5745	325149	2676439.367	2676439396
10:51:54 185978	163.0495	326099	2676471.246	2676471267
10:51:54 217913	163.5325	327065	2676503.181	2676503202
10:51:54 249951	164.015	328030	2676535.219	2676535243
10:51:54 281894	164.49	328980	2676567.162	2676567185
10:51:54 313896	164.965	329930	2676599.164	2676599200
10:51:54 345796	165.4485	330897	2676631.064	2676631086
10:51:54 377727	165.9235	331847	2676662.995	2676663017
10:51:54 409728	166.3985	332797	2676694.996	2676695032
10:51:54 441658	166.881	333762	2676726.926	2676726948
10:51:54 473643	167.3565	334713	2676758.911	2676758938
10:51:54 505588	167.8395	335679	2676790.856	2676790880
10:51:54 537581	168.314	336628	2676822.849	2676822877
10:51:54 569506	168.7895	337579	2676854.774	2676854796
10:51:54 601452	169.2725	338545	2676886.72	2676886742
10:51:54 633417	169.748	339496	2676918.685	2676918723
10:51:54 665352	170.2385	340477	2676950.62	2676950641
10:51:54 697312	170.702	341404	2676982.58	2676982601
10:51:54 729320	171.1805	342361	2677014.588	2677014642
10:51:54 761273	171.6705	343341	2677046.541	2677046570
10:51:54 793278	172.143	344286	2677078.546	2677078570
10:51:54 825163	172.6215	345243	2677110.431	2677110452
10:51:54 857132	173.093	346186	2677142.4	2677142420
10:51:54 889090	173.576	347152	2677174.358	2677174386
10:51:54 921066	174.059	348118	2677206.334	2677206356
10:51:54 952978	174.538	349076	2677238.246	2677238275
10:51:54 984977	175.0125	350025	2677270.245	2677270267
10:51:55 16911	175.491	350982	2677302.179	2677302201
10:51:55 48845	175.9665	351933	2677334.113	2677334134
10:51:55 80834	176.442	352884	2677366.102	2677366129
10:51:55 112755	176.925	353850	2677398.023	2677398050
10:51:55 144726	177.4	354800	2677429.994	2677430015
10:51:55 176665	177.8825	355765	2677461.933	2677461963
10:51:55 208651	178.358	356716	2677493.919	2677493949
10:51:55 240583	178.8325	357665	2677525.851	2677525878
10:51:55 272542	179.3155	358631	2677557.81	2677557832
10:51:55 304581	179.7985	359597	2677589.849	2677589883
10:51:55 336535	180.274	360548	2677621.803	2677621831
10:51:55 368459	180.7535	361507	2677653.727	2677653748
10:51:55 400393	181.2325	362465	2677685.661	2677685683
10:51:55 432373	181.715	363430	2677717.641	2677717672
10:51:55 464319	182.19	364380	2677749.587	2677749611
10:51:55 496318	182.6645	365329	2677781.586	2677781622
10:51:55 528267	183.14	366280	2677813.535	2677813558
10:51:55 560197	183.623	367246	2677845.465	2677845492
10:51:55 592180	184.098	368196	2677877.448	2677877496
10:51:55 624150	184.5805	369161	2677909.418	2677909440
10:51:55 656095	185.064	370128	2677941.363	2677941388
10:51:55 688045	185.539	371078	2677973.313	2677973336
10:51:55 720011	186.014	372028	2678005.279	2678005311
10:51:55 752000	186.4885	372977	2678037.268	2678037289
10:51:55 783960	186.9715	373943	2678069.228	2678069251
10:51:55 815956	187.4515	374903	2678101.224	2678101250
10:51:55 847862	187.938	375876	2678133.13	2678133151
10:51:55 879833	188.405	376810	2678165.101	2678165120
10:51:55 911780	188.884	377768	2678197.048	2678197076
10:51:55 943795	189.367	378734	2678229.063	2678229084
10:51:55 975707	189.8495	379699	2678260.975	2678261002
10:51:56 7707	190.317	380634	2678292.975	2678293002
10:51:56 39589	190.7995	381599	2678324.857	2678324885
10:51:56 71589	191.2825	382565	2678356.857	2678356894
10:51:56 103609	191.75	383500	2678388.877	2678388909
10:51:56 135497	192.233	384466	2678420.765	2678420794
10:51:56 167462	192.7085	385417	2678452.73	2678452752
10:51:56 199412	193.199	386398	2678484.68	2678484702
10:51:56 231414	193.6665	387333	2678516.682	2678516711
10:51:56 263397	194.1495	388299	2678548.665	2678548686
10:51:56 295296	194.6245	389249	2678580.564	2678580586
10:51:56 327267	195.0995	390199	2678612.535	2678612557
10:51:56 359269	195.583	391166	2678644.537	2678644558
10:51:56 391291	196.0575	392115	2678676.559	2678676581
10:51:56 423222	196.54	393080	2678708.49	2678708512
10:51:56 455113	197.015	394030	2678740.381	2678740394
10:51:56 487118	197.49	394980	2678772.386	2678772426
10:51:56 519008	197.977	395954	2678804.276	2678804305
10:51:56 550989	198.4565	396913	2678836.257	2678836280
10:51:56 582964	198.9285	397857	2678868.232	2678868253
10:51:56 614905	199.3465	398693	2678900.173	2678900196
10:51:56 646844	199.662	399324	2678932.112	2678932135
10:51:56 678841	199.875	399750	2678964.109	2678964138
10:51:56 710781	199.987	399974	2678996.049	2678996072
10:51:56 742721	200.003	400006	2679027.989	2679028016
10:51:56 774708	200.003	400006	2679059.976	2679060003
10:51:56 806670	200.0025	400005	2679091.938	2679091961
10:51:56 838635	200.002	400004	2679123.903	2679123923
10:51:56 870583	200.0015	400003	2679155.851	2679155873
