Time	Position	Counts	Elapsed	USecs
13:18:56 662746	50.0115	100023	6373375.386	6373375414
13:18:56 694705	50.1975	100395	6373407.345	6373407367
13:18:56 726707	50.4395	100879	6373439.347	6373439365
13:18:56 758643	50.7765	101553	6373471.283	6373471309
13:18:56 790640	51.211	102422	6373503.28	6373503309
13:18:56 838635	51.901	103802	6373551.275	6373551300
13:18:56 870593	52.396	104792	6373583.233	6373583256
13:18:56 902496	52.8715	105743	6373615.136	6373615180
13:18:56 934445	53.362	106724	6373647.085	6373647119
13:18:56 966422	53.83	107660	6373679.062	6373679084
13:18:56 998374	54.321	108642	6373711.014	6373711035
13:18:57 30317	54.7845	109569	6373742.957	6373742982
13:18:57 62307	55.2675	110535	6373774.947	6373774989
13:18:57 110319	55.85	111700	6373822.959	6373822985
13:18:57 142262	56.467	112934	6373854.902	6373854927
13:18:57 174198	56.9385	113877	6373886.838	6373886879
13:18:57 206217	57.4175	114835	6373918.857	6373918877
13:18:57 238134	57.8965	115793	6373950.774	6373950800
13:18:57 270121	58.3795	116759	6373982.761	6373982788
13:18:57 302046	58.8545	117709	6374014.686	6374014743
13:18:57 334035	59.3375	118675	6374046.675	6374046700
13:18:57 366007	59.8085	119617	6374078.647	6374078670
13:18:57 397965	60.2915	120583	6374110.605	6374110630
13:18:57 429894	60.767	121534	6374142.534	6374142556
13:18:57 461902	61.25	122500	6374174.542	6374174564
13:18:57 493832	61.725	123450	6374206.472	6374206494
13:18:57 525793	62.2005	124401	6374238.433	6374238459
13:18:57 557764	62.683	125366	6374270.404	6374270444
13:18:57 589746	63.1625	126325	6374302.386	6374302407
13:18:57 621702	63.637	127274	6374334.342	6374334367
13:18:57 653682	64.12050000000001	128241	6374366.322	6374366346
13:18:57 685625	64.595	129190	6374398.265	6374398286
13:18:57 717623	65.0705	130141	6374430.263	6374430307
13:18:57 749577	65.557	131114	6374462.217	6374462239
13:18:57 781582	66.04000000000001	132080	6374494.222	6374494243
13:18:57 813564	66.515	133030	6374526.204	6374526226
13:18:57 845442	66.98999999999999	133980	6374558.082	6374558110
13:18:57 877427	67.47199999999999	134944	6374590.067	6374590096
13:18:57 909391	67.94799999999999	135896	6374622.031	6374622055
13:18:57 941333	68.423	136846	6374653.973	6374653999
13:18:57 973380	68.90600000000001	137812	6374686.02	6374686042
13:18:58 5278	69.389	138778	6374717.918	6374717944
13:18:58 37244	69.86	139720	6374749.884	6374749913
13:18:58 69221	70.339	140678	6374781.861	6374781889
13:18:58 101128	70.82550000000001	141651	6374813.768	6374813803
13:18:58 133099	71.29300000000001	142586	6374845.739	6374845765
13:18:58 165074	71.77200000000001	143544	6374877.714	6374877742
13:18:58 197040	72.25149999999999	144503	6374909.68	6374909722
13:18:58 228982	72.73	145460	6374941.622	6374941642
13:18:58 261002	73.20950000000001	146419	6374973.642	6374973683
13:18:58 292959	73.684	147368	6375005.599	6375005645
13:18:58 324906	74.17100000000001	148342	6375037.546	6375037568
13:18:58 356870	74.642	149284	6375069.51	6375069535
13:18:58 388824	75.133	150266	6375101.464	6375101504
13:18:58 420759	75.608	151216	6375133.399	6375133426
13:18:58 452759	76.0795	152159	6375165.399	6375165427
13:18:58 484670	76.562	153124	6375197.31	6375197335
13:18:58 516639	77.03400000000001	154068	6375229.279	6375229308
13:18:58 548660	77.52	155040	6375261.3	6375261327
13:18:58 580558	77.995	155990	6375293.198	6375293222
13:18:58 612564	78.474	156948	6375325.204	6375325227
13:18:58 644487	78.9495	157899	6375357.127	6375357155
13:18:58 676423	79.42449999999999	158849	6375389.063	6375389118
13:18:58 708407	79.91500000000001	159830	6375421.047	6375421073
13:18:58 740394	80.3865	160773	6375453.034	6375453061
13:18:58 772408	80.86499999999999	161730	6375485.048	6375485075
13:18:58 804238	81.34050000000001	162681	6375516.878	6375516901
13:18:58 836268	81.819	163638	6375548.908	6375548930
13:18:58 868228	82.30200000000001	164604	6375580.868	6375580890
13:18:58 900207	82.7775	165555	6375612.847	6375612869
13:18:58 932125	83.253	166506	6375644.765	6375644791
13:18:58 964125	83.7355	167471	6375676.765	6375676787
13:18:58 996038	84.211	168422	6375708.678	6375708707
13:18:59 27969	84.70050000000001	169401	6375740.609	6375740626
13:18:59 59985	85.16849999999999	170337	6375772.625	6375772654
13:18:59 91933	85.651	171302	6375804.573	6375804596
13:18:59 123966	86.127	172254	6375836.606	6375836628
13:18:59 155831	86.61	173220	6375868.471	6375868493
13:18:59 187820	87.0925	174185	6375900.46	6375900481
13:18:59 219804	87.5595	175119	6375932.444	6375932467
13:18:59 251751	88.0425	176085	6375964.391	6375964428
13:18:59 283706	88.5215	177043	6375996.346	6375996367
13:18:59 315662	89.0005	178001	6376028.302	6376028338
13:18:59 347670	89.47150000000001	178943	6376060.31	6376060347
13:18:59 379545	89.95050000000001	179901	6376092.185	6376092209
13:18:59 411535	90.4335	180867	6376124.175	6376124203
13:18:59 443542	90.9085	181817	6376156.182	6376156210
13:18:59 475445	91.39149999999999	182783	6376188.085	6376188108
13:18:59 507458	91.874	183748	6376220.098	6376220119
13:18:59 539339	92.34999999999999	184700	6376251.979	6376252006
13:18:59 571317	92.8245	185649	6376283.957	6376283985
13:18:59 603287	93.3	186600	6376315.927	6376315941
13:18:59 635300	93.7825	187565	6376347.94	6376347960
13:18:59 667273	94.258	188516	6376379.913	6376379935
13:18:59 699260	94.7405	189481	6376411.9	6376411923
13:18:59 731171	95.2165	190433	6376443.811	6376443851
13:18:59 763161	95.706	191412	6376475.801	6376475827
13:18:59 795130	96.17400000000001	192348	6376507.77	6376507812
13:18:59 827134	96.6525	193305	6376539.774	6376539797
13:18:59 859050	97.13200000000001	194264	6376571.69	6376571731
13:18:59 891023	97.60299999999999	195206	6376603.663	6376603690
13:18:59 922993	98.086	196172	6376635.633	6376635671
13:18:59 954906	98.56100000000001	197122	6376667.546	6376667571
13:18:59 986868	99.044	198088	6376699.508	6376699537
13:19:00 18876	99.52249999999999	199045	6376731.516	6376731539
13:19:00 50885	100.0055	200011	6376763.525	6376763555
13:19:00 82804	100.4765	200953	6376795.444	6376795466
13:19:00 114733	100.9675	201935	6376827.373	6376827397
13:19:00 146665	101.435	202870	6376859.305	6376859335
13:19:00 178634	101.918	203836	6376891.274	6376891301
13:19:00 210628	102.393	204786	6376923.268	6376923304
13:19:00 242631	102.868	205736	6376955.271	6376955299
13:19:00 274645	103.3545	206709	6376987.285	6376987307
13:19:00 306516	103.837	207674	6377019.156	6377019185
13:19:00 338446	104.3165	208633	6377051.086	6377051111
13:19:00 370461	104.7835	209567	6377083.101	6377083123
13:19:00 402437	105.2595	210519	6377115.077	6377115105
13:19:00 434341	105.746	211492	6377146.981	6377147036
13:19:00 466277	106.2255	212451	6377178.917	6377178945
13:19:00 498235	106.7	213400	6377210.875	6377210901
13:19:00 530272	107.1755	214351	6377242.912	6377242948
13:19:00 562176	107.658	215316	6377274.816	6377274838
13:19:00 594135	108.1335	216267	6377306.775	6377306797
13:19:00 626166	108.6085	217217	6377338.806	6377338829
13:19:00 658079	109.099	218198	6377370.719	6377370749
13:19:00 690069	109.574	219148	6377402.709	6377402729
13:19:00 722041	110.057	220114	6377434.681	6377434702
13:19:00 753969	110.524	221048	6377466.609	6377466631
13:19:00 786000	111.0065	222013	6377498.64	6377498660
13:19:00 817959	111.478	222956	6377530.599	6377530621
13:19:00 849912	111.9725	223945	6377562.552	6377562607
13:19:00 881826	112.444	224888	6377594.466	6377594490
13:19:00 913778	112.9265	225853	6377626.418	6377626446
13:19:00 945830	113.402	226804	6377658.47	6377658492
13:19:00 977729	113.8805	227761	6377690.369	6377690396
13:19:01 9666	114.36	228720	6377722.306	6377722334
13:19:01 41629	114.835	229670	6377754.269	6377754296
13:19:01 73639	115.318	230636	6377786.279	6377786302
13:19:01 105533	115.8005	231601	6377818.173	6377818198
13:19:01 137500	116.265	232530	6377850.14	6377850165
13:19:01 169456	116.7475	233495	6377882.096	6377882119
13:19:01 201447	117.2265	234453	6377914.087	6377914109
13:19:01 233393	117.697	235394	6377946.033	6377946054
13:19:01 265395	118.1805	236361	6377978.035	6377978058
13:19:01 297342	118.6555	237311	6378009.982	6378010006
13:19:01 329270	119.1385	238277	6378041.91	6378041925
13:19:01 361249	119.621	239242	6378073.889	6378073934
13:19:01 393140	120.0965	240193	6378105.78	6378105808
13:19:01 425121	120.5715	241143	6378137.761	6378137784
13:19:01 457140	121.047	242094	6378169.78	6378169806
13:19:01 489046	121.5295	243059	6378201.686	6378201707
13:19:01 521031	122.0045	244009	6378233.671	6378233698
13:19:01 552974	122.4875	244975	6378265.614	6378265632
13:19:01 584909	122.97	245940	6378297.549	6378297575
13:19:01 616909	123.4415	246883	6378329.549	6378329573
13:19:01 648891	123.9165	247833	6378361.531	6378361553
13:19:01 680826	124.399	248798	6378393.466	6378393508
13:19:01 712856	124.89	249780	6378425.496	6378425518
13:19:01 744827	125.3615	250723	6378457.467	6378457493
13:19:01 776706	125.8365	251673	6378489.346	6378489389
13:19:01 808664	126.319	252638	6378521.304	6378521346
13:19:01 840630	126.7905	253581	6378553.27	6378553299
13:19:01 872669	127.281	254562	6378585.309	6378585346
13:19:01 904615	127.749	255498	6378617.255	6378617278
13:19:01 936583	128.228	256456	6378649.223	6378649244
13:19:01 968533	128.7105	257421	6378681.173	6378681194
13:19:02 472	129.1815	258363	6378713.112	6378713135
13:19:02 32376	129.6685	259337	6378745.016	6378745042
13:19:02 64397	130.1515	260303	6378777.037	6378777058
13:19:02 96318	130.6265	261253	6378808.958	6378808986
13:19:02 128229	131.094	262188	6378840.869	6378840884
13:19:02 160258	131.5765	263153	6378872.898	6378872920
13:19:02 192227	132.0525	264105	6378904.867	6378904890
13:19:02 224193	132.5345	265069	6378936.833	6378936855
13:19:02 256135	133.0095	266019	6378968.775	6378968804
13:19:02 288072	133.4925	266985	6379000.712	6379000738
13:19:02 320068	133.968	267936	6379032.708	6379032730
13:19:02 352044	134.447	268894	6379064.684	6379064706
13:19:02 383971	134.922	269844	6379096.611	6379096652
13:19:02 415910	135.405	270810	6379128.55	6379128578
13:19:02 447898	135.8795	271759	6379160.538	6379160569
13:19:02 479815	136.3625	272725	6379192.455	6379192481
13:19:02 511832	136.8415	273683	6379224.472	6379224494
13:19:02 543824	137.3205	274641	6379256.464	6379256515
13:19:02 575714	137.792	275584	6379288.354	6379288376
13:19:02 607722	138.283	276566	6379320.362	6379320385
13:19:02 639641	138.75	277500	6379352.281	6379352302
13:19:02 671697	139.2295	278459	6379384.337	6379384364
13:19:02 703646	139.7155	279431	6379416.286	6379416306
13:19:02 735581	140.1835	280367	6379448.221	6379448242
13:19:02 767536	140.6695	281339	6379480.176	6379480201
13:19:02 799563	141.1455	282291	6379512.203	6379512226
13:19:02 831442	141.6315	283263	6379544.082	6379544121
13:19:02 863424	142.1035	284207	6379576.064	6379576092
13:19:02 895377	142.5785	285157	6379608.017	6379608059
13:19:02 927336	143.065	286130	6379639.976	6379640004
13:19:02 959285	143.532	287064	6379671.925	6379671953
13:19:02 991292	144.0185	288037	6379703.932	6379703961
13:19:03 23285	144.4935	288987	6379735.925	6379736022
13:19:03 55214	144.973	289946	6379767.854	6379767874
13:19:03 87164	145.452	290904	6379799.804	6379799830
13:19:03 119145	145.9235	291847	6379831.785	6379831806
13:19:03 151073	146.41	292820	6379863.713	6379863734
13:19:03 183079	146.881	293762	6379895.719	6379895758
13:19:03 215027	147.368	294736	6379927.667	6379927694
13:19:03 247037	147.839	295678	6379959.677	6379959701
13:19:03 278966	148.322	296644	6379991.606	6379991626
13:19:03 311004	148.805	297610	6380023.644	6380023667
13:19:03 342948	149.2845	298569	6380055.588	6380055611
13:19:03 374925	149.759	299518	6380087.565	6380087587
13:19:03 406857	150.2305	300461	6380119.497	6380119523
13:19:03 438835	150.7245	301449	6380151.475	6380151497
13:19:03 470818	151.1925	302385	6380183.458	6380183480
13:19:03 502725	151.679	303358	6380215.365	6380215394
13:19:03 534716	152.154	304308	6380247.356	6380247378
13:19:03 566652	152.633	305266	6380279.292	6380279314
13:19:03 598636	153.116	306232	6380311.276	6380311311
13:19:03 630565	153.5875	307175	6380343.205	6380343228
13:19:03 662533	154.0625	308125	6380375.173	6380375199
13:19:03 694503	154.5375	309075	6380407.143	6380407165
13:19:03 726467	155.0245	310049	6380439.107	6380439134
13:19:03 758417	155.4955	310991	6380471.057	6380471083
13:19:03 790443	155.9785	311957	6380503.083	6380503125
13:19:03 822383	156.4575	312915	6380535.023	6380535052
13:19:03 854313	156.94	313880	6380566.953	6380566975
13:19:03 886331	157.4115	314823	6380598.971	6380599004
13:19:03 918286	157.898	315796	6380630.926	6380630948
13:19:03 950242	158.3655	316731	6380662.882	6380662903
13:19:03 982183	158.856	317712	6380694.823	6380694843
13:19:04 14161	159.3235	318647	6380726.801	6380726828
13:19:04 46076	159.806	319612	6380758.716	6380758738
13:19:04 78042	160.2815	320563	6380790.682	6380790699
13:19:04 110060	160.757	321514	6380822.7	6380822739
13:19:04 141957	161.24	322480	6380854.597	6380854626
13:19:04 173929	161.7225	323445	6380886.569	6380886591
13:19:04 205907	162.198	324396	6380918.547	6380918574
13:19:04 237888	162.6845	325369	6380950.528	6380950548
13:19:04 269847	163.1515	326303	6380982.487	6380982508
13:19:04 301766	163.6335	327267	6381014.406	6381014428
13:19:04 333759	164.117	328234	6381046.399	6381046420
13:19:04 365714	164.5925	329185	6381078.354	6381078375
13:19:04 397687	165.068	330136	6381110.327	6381110350
13:19:04 429626	165.543	331086	6381142.266	6381142289
13:19:04 461585	166.0255	332051	6381174.225	6381174246
13:19:04 493586	166.5005	333001	6381206.226	6381206248
13:19:04 525527	166.987	333974	6381238.167	6381238211
13:19:04 557461	167.4585	334917	6381270.101	6381270128
13:19:04 589468	167.941	335882	6381302.108	6381302131
13:19:04 621330	168.417	336834	6381333.97	6381333993
13:19:04 653296	168.8995	337799	6381365.936	6381365957
13:19:04 685251	169.3745	338749	6381397.891	6381397918
13:19:04 717214	169.8495	339699	6381429.854	6381429882
13:19:04 749219	170.3245	340649	6381461.859	6381461884
13:19:04 781167	170.807	341614	6381493.807	6381493828
13:19:04 813134	171.2825	342565	6381525.774	6381525796
13:19:04 845028	171.766	343532	6381557.668	6381557690
13:19:04 877052	172.249	344498	6381589.692	6381589719
13:19:04 909028	172.724	345448	6381621.668	6381621690
13:19:04 941004	173.199	346398	6381653.644	6381653667
13:19:04 972941	173.674	347348	6381685.581	6381685604
13:19:05 4847	174.157	348314	6381717.487	6381717511
13:19:05 36813	174.6355	349271	6381749.453	6381749480
13:19:05 68817	175.115	350230	6381781.457	6381781479
13:19:05 100751	175.5905	351181	6381813.391	6381813413
13:19:05 132711	176.0655	352131	6381845.351	6381845377
13:19:05 164728	176.548	353096	6381877.368	6381877390
13:19:05 196681	177.0225	354045	6381909.321	6381909349
13:19:05 228671	177.5055	355011	6381941.311	6381941325
13:19:05 260546	177.9885	355977	6381973.186	6381973208
13:19:05 292468	178.4635	356927	6382005.108	6382005137
13:19:05 324505	178.939	357878	6382037.145	6382037167
13:19:05 356373	179.422	358844	6382069.013	6382069035
13:19:05 388417	179.897	359794	6382101.057	6382101102
13:19:05 420387	180.372	360744	6382133.027	6382133049
13:19:05 452290	180.8545	361709	6382164.93	6382164953
13:19:05 484269	181.3375	362675	6382196.909	6382196931
13:19:05 516205	181.8125	363625	6382228.845	6382228867
13:19:05 548190	182.288	364576	6382260.83	6382260853
13:19:05 580079	182.7635	365527	6382292.719	6382292743
13:19:05 612081	183.246	366492	6382324.721	6382324742
13:19:05 644081	183.7215	367443	6382356.721	6382356743
13:19:05 675994	184.204	368408	6382388.634	6382388670
13:19:05 707957	184.679	369358	6382420.597	6382420618
13:19:05 739955	185.158	370316	6382452.595	6382452617
13:19:05 771843	185.6445	371289	6382484.483	6382484525
13:19:05 803820	186.1125	372225	6382516.46	6382516480
13:19:05 835785	186.603	373206	6382548.425	6382548446
13:19:05 867710	187.071	374142	6382580.35	6382580371
13:19:05 899636	187.546	375092	6382612.276	6382612300
13:19:05 931621	188.0285	376057	6382644.261	6382644286
13:19:05 963642	188.511	377022	6382676.282	6382676302
13:19:05 995546	188.9855	377971	6382708.186	6382708208
13:19:06 27483	189.461	378922	6382740.123	6382740149
13:19:06 59453	189.944	379888	6382772.093	6382772119
13:19:06 91418	190.427	380854	6382804.058	6382804080
13:19:06 123348	190.8945	381789	6382835.988	6382836016
13:19:06 155335	191.385	382770	6382867.975	6382868002
13:19:06 187321	191.852	383704	6382899.961	6382900056
13:19:06 219251	192.339	384678	6382931.891	6382931916
13:19:06 251230	192.814	385628	6382963.87	6382963891
13:19:06 283194	193.2895	386579	6382995.834	6382995856
13:19:06 315180	193.769	387538	6383027.82	6383027842
13:19:06 347117	194.2445	388489	6383059.757	6383059779
13:19:06 379126	194.7345	389469	6383091.766	6383091786
13:19:06 411005	195.2055	390411	6383123.645	6383123666
13:19:06 442986	195.6805	391361	6383155.626	6383155651
13:19:06 474990	196.163	392326	6383187.63	6383187662
13:19:06 506920	196.638	393276	6383219.56	6383219582
13:19:06 538917	197.1215	394243	6383251.557	6383251585
13:19:06 570827	197.597	395194	6383283.467	6383283489
13:19:06 602881	198.084	396168	6383315.521	6383315551
13:19:06 634812	198.551	397102	6383347.452	6383347474
13:19:06 666798	199.0285	398057	6383379.438	6383379460
13:19:06 698761	199.427	398854	6383411.401	6383411422
13:19:06 730686	199.7175	399435	6383443.326	6383443347
13:19:06 762663	199.9085	399817	6383475.303	6383475338
13:19:06 794642	199.9965	399993	6383507.282	6383507310
13:19:06 826620	200.003	400006	6383539.26	6383539282
13:19:06 858586	200.003	400006	6383571.226	6383571265
13:19:06 890540	200.0025	400005	6383603.18	6383603203
13:19:06 922520	200.002	400004	6383635.16	6383635177
13:19:06 954421	200.0015	400003	6383667.061	6383667086
